3
"muon mom" " GeV/c" "P_{\mu}" " GeV/c"
" cos#theta" " " " \cos\theta" " "
"bin number" "bin number" "" ""
12
"events"
1 0 5 -1 -0.55 0 0.45 1
1 1 0.1 0.24
4
0 1 1
1 1 2
2 1 3
3 1 4
"events"
1 0 8 -1 -0.55 -0.25 0 0.25 0.45 0.7 1
1 1 0.24 0.3
7
4 1 1
5 1 2
6 1 3
7 1 4
8 1 5
9 1 6
10 1 7
"events"
1 0 9 -1 -0.4 -0.1 0.1 0.35 0.5 0.7 0.85 1
1 1 0.3 0.38
8
11 1 1
12 1 2
13 1 3
14 1 4
15 1 5
16 1 6
17 1 7
18 1 8
"events"
1 0 7 -1 0 0.5 0.65 0.8 0.92 1
1 1 0.38 0.48
6
19 1 1
20 1 2
21 1 3
22 1 4
23 1 5
24 1 6
"events"
1 0 8 -1 0.2 0.5 0.65 0.8 0.875 0.95 1
1 1 0.48 0.7
7
25 1 1
26 1 2
27 1 3
28 1 4
29 1 5
30 1 6
31 1 7
"events"
1 0 6 -1 0.65 0.8 0.875 0.95 1
1 1 0.7 0.85
5
32 1 1
33 1 2
34 1 3
35 1 4
36 1 5
"events"
1 0 5 -1 0.85 0.9 0.95 1
1 1 0.85 1.28
4
37 1 1
38 1 2
39 1 3
40 1 4
"events"
1 0 3 -1 0.85 1
1 1 1.28 1.58
2
41 1 1
42 1 2
"events"
1 0 3 -1 0.85 1
1 1 1.58 2
2
43 1 1
44 1 2
"events"
1 2 46 0 1 2 3 4 5 6 7 8 9 10 11 12 13 14 15 16 17 18 19 20 21 22 23 24 25 26 27 28 29 30 31 32 33 34 35 36 37 38 39 40 41 42 43 44 45
0
45
0 1 1
1 1 2
2 1 3
3 1 4
4 1 5
5 1 6
6 1 7
7 1 8
8 1 9
9 1 10
10 1 11
11 1 12
12 1 13
13 1 14
14 1 15
15 1 16
16 1 17
17 1 18
18 1 19
19 1 20
20 1 21
21 1 22
22 1 23
23 1 24
24 1 25
25 1 26
26 1 27
27 1 28
28 1 29
29 1 30
30 1 31
31 1 32
32 1 33
33 1 34
34 1 35
35 1 36
36 1 37
37 1 38
38 1 39
39 1 40
40 1 41
41 1 42
42 1 43
43 1 44
44 1 45
"events"
1 2 11 0.25 0.41 0.495 0.56 0.62 0.68 0.74 0.8 0.87 0.93 1.2
0
10
45 1 1
46 1 2
47 1 3
48 1 4
49 1 5
50 1 6
51 1 7
52 1 8
53 1 9
54 1 10
